#Layer_Color=15138737
#
#Feature symbol names
#
$0 r10
$1 r3.937
$2 r0.3937
$3 r5

#
#Feature attribute names
#

#
#Layer features
#
A 1.8922109 2.222304 1.9178015 2.222304 1.9050062 2.222304 2 P 0 N
A 1.9178014 2.1376584 1.8922108 2.1376584 1.9050061 2.1376584 2 P 0 N
A 2.8496063 2.3168504 2.8496063 2.3168504 2.8299213 2.3168504 1 P 0 N
L 1.7099995 1.6749995 1.7099995 2.6050005 0 P 0
L 1.7099995 1.6749995 4.2150005 1.6749995 0 P 0
L 1.7099995 2.6050005 4.2150005 2.6050005 0 P 0
L 1.800668 2.07567 1.800668 2.258732 1 P 0
L 1.800668 2.07567 2.00933 2.07567 1 P 0
L 1.800668 2.132758 1.804604 2.1327581 2 P 0
L 1.800668 2.227246 1.804604 2.227246 2 P 0
L 1.800676 2.25874 1.826266 2.28433 1 P 0
L 1.804604 2.0796079 1.804604 2.257598 2 P 0
L 1.804604 2.0796079 2.005392 2.079608 2 P 0
L 1.804604 2.257598 1.827402 2.280396 2 P 0
L 1.826268 2.284332 1.983744 2.284332 1 P 0
L 1.827402 2.280396 1.982604 2.280396 2 P 0
L 1.89221 2.06384 1.89221 2.137658 2 P 0
L 1.89221 2.06384 1.917802 2.06384 2 P 0
L 1.89221 2.137658 1.917802 2.137658 2 P 0
L 1.89221 2.2223039 1.8922101 2.296122 2 P 0
L 1.89221 2.2223039 1.917802 2.222304 2 P 0
L 1.8922101 2.296122 1.917802 2.296122 2 P 0
L 1.917802 2.06384 1.917802 2.137658 2 P 0
L 1.917802 2.222304 1.917802 2.296122 2 P 0
L 1.95 2.435788 1.95 2.534212 1 P 0
L 1.95 2.435788 2.75 2.435788 1 P 0
L 1.95 2.534212 2.75 2.534212 1 P 0
L 1.982612 2.280396 2.005408 2.257598 2 P 0
L 1.983744 2.284332 2.00933 2.258748 1 P 0
L 2.005392 2.079608 2.005392 2.257598 2 P 0
L 2.005392 2.132758 2.00933 2.132758 2 P 0
L 2.005392 2.227246 2.00933 2.227246 2 P 0
L 2.00933 2.07567 2.00933 2.258748 1 P 0
L 2.165944 2.246536 2.165944 2.313464 1 P 0
L 2.165944 2.246536 2.284056 2.246536 1 P 0
L 2.165944 2.313464 2.284056 2.313464 1 P 0
L 2.208662 2.018426 2.208662 2.071574 1 P 0
L 2.208662 2.018426 2.291338 2.018426 1 P 0
L 2.208662 2.071574 2.291338 2.071574 1 P 0
L 2.208662 2.103426 2.208662 2.156574 1 P 0
L 2.208662 2.103426 2.291338 2.103426 1 P 0
L 2.208662 2.156574 2.291338 2.156574 1 P 0
L 2.284056 2.246536 2.284056 2.313464 1 P 0
L 2.291338 2.018426 2.291338 2.071574 1 P 0
L 2.291338 2.103426 2.291338 2.156574 1 P 0
L 2.40021 2.105266 2.40021 2.15488 3 P 0
L 2.40021 2.105266 2.479576 2.105266 3 P 0
L 2.40021 2.15488 2.479576 2.15488 3 P 0
L 2.479576 2.105266 2.479576 2.15488 3 P 0
L 2.564912 2.018426 2.564912 2.071574 1 P 0
L 2.564912 2.018426 2.647588 2.018426 1 P 0
L 2.564912 2.071574 2.647588 2.071574 1 P 0
L 2.568662 2.103426 2.568662 2.156574 1 P 0
L 2.568662 2.103426 2.651338 2.103426 1 P 0
L 2.568662 2.156574 2.651338 2.156574 1 P 0
L 2.647588 2.018426 2.647588 2.071574 1 P 0
L 2.651338 2.103426 2.651338 2.156574 1 P 0
L 2.75 2.435788 2.75 2.534212 1 P 0
L 2.754576 2.105652 2.754576 2.155266 3 P 0
L 2.754576 2.105652 2.833944 2.105652 3 P 0
L 2.754576 2.155266 2.833944 2.155266 3 P 0
L 2.794488 2.281418 2.794488 2.458582 1 P 0
L 2.794488 2.281418 3.105512 2.281418 1 P 0
L 2.794488 2.458582 3.105512 2.458582 1 P 0
L 2.833944 2.105652 2.833944 2.155266 3 P 0
L 2.9184591 2.0329311 2.9184591 2.1156071 1 P 0
L 2.9184591 2.0329311 2.9716071 2.0329311 1 P 0
L 2.9184591 2.1156071 2.9716071 2.1156071 1 P 0
L 2.9716071 2.0329311 2.9716071 2.1156071 1 P 0
L 3.0034591 2.0354311 3.0034591 2.1181071 1 P 0
L 3.0034591 2.0354311 3.0566071 2.0354311 1 P 0
L 3.0034591 2.1181071 3.0566071 2.1181071 1 P 0
L 3.0566071 2.0354311 3.0566071 2.1181071 1 P 0
L 3.105512 2.281418 3.105512 2.458582 1 P 0
L 3.109576 2.105652 3.109576 2.155266 3 P 0
L 3.109576 2.105652 3.188944 2.105652 3 P 0
L 3.109576 2.155266 3.188944 2.155266 3 P 0
L 3.175386 2.230634 3.175386 2.31 3 P 0
L 3.175386 2.230634 3.225 2.230634 3 P 0
L 3.175386 2.31 3.225 2.31 3 P 0
L 3.188944 2.105652 3.188944 2.155266 3 P 0
L 3.225 2.230634 3.225 2.31 3 P 0
L 3.259298 2.231164 3.259298 2.31384 1 P 0
L 3.259298 2.231164 3.312448 2.231164 1 P 0
L 3.259298 2.31384 3.312448 2.31384 1 P 0
L 3.268022 2.349342 3.268022 2.43202 1 P 0
L 3.268022 2.349342 3.32117 2.349342 1 P 0
L 3.268022 2.43202 3.32117 2.43202 1 P 0
L 3.277412 2.018426 3.277412 2.071574 1 P 0
L 3.277412 2.018426 3.360088 2.018426 1 P 0
L 3.277412 2.071574 3.360088 2.071574 1 P 0
L 3.300634 2.46 3.300634 2.509614 3 P 0
L 3.300634 2.46 3.38 2.46 3 P 0
L 3.300634 2.509614 3.38 2.509614 3 P 0
L 3.312448 2.231164 3.312448 2.31384 1 P 0
L 3.318662 2.098426 3.318662 2.151574 1 P 0
L 3.318662 2.098426 3.401338 2.098426 1 P 0
L 3.318662 2.151574 3.401338 2.151574 1 P 0
L 3.32117 2.349342 3.32117 2.43202 1 P 0
L 3.344298 2.231164 3.344298 2.31384 1 P 0
L 3.344298 2.231164 3.397448 2.231164 1 P 0
L 3.344298 2.31384 3.397448 2.31384 1 P 0
L 3.358022 2.349342 3.358022 2.43202 1 P 0
L 3.358022 2.349342 3.411172 2.349342 1 P 0
L 3.358022 2.43202 3.41117 2.43202 1 P 0
L 3.360088 2.018426 3.360088 2.071574 1 P 0
L 3.38 2.46 3.38 2.509614 3 P 0
L 3.397448 2.231164 3.397448 2.31384 1 P 0
L 3.401338 2.098426 3.401338 2.151574 1 P 0
L 3.41117 2.43202 3.411172 2.349342 1 P 0
L 3.464576 2.105652 3.464576 2.155266 3 P 0
L 3.464576 2.105652 3.543944 2.105652 3 P 0
L 3.464576 2.155266 3.543944 2.155266 3 P 0
L 3.543944 2.105652 3.543944 2.155266 3 P 0
L 3.628662 2.103426 3.628662 2.156574 1 P 0
L 3.628662 2.103426 3.711338 2.103426 1 P 0
L 3.628662 2.156574 3.711338 2.156574 1 P 0
L 3.633662 2.018426 3.633662 2.071574 1 P 0
L 3.633662 2.018426 3.716338 2.018426 1 P 0
L 3.633662 2.071574 3.716338 2.071574 1 P 0
L 3.711338 2.103426 3.711338 2.156574 1 P 0
L 3.716338 2.018426 3.716338 2.071574 1 P 0
L 3.775386 2.050634 3.775386 2.13 3 P 0
L 3.775386 2.050634 3.825 2.050634 3 P 0
L 3.775386 2.13 3.825 2.13 3 P 0
L 3.825 2.050634 3.825 2.13 3 P 0
L 4.2150005 1.6749995 4.2150005 2.6050005 0 P 0
