#Layer_Color=15314666
#
#Feature symbol names
#
$0 r10
$1 r1.9685
$2 r3.937
$3 r5
$4 r2.5

#
#Feature attribute names
#

#
#Layer features
#
L 1.7099995 1.6749995 1.7099995 2.6050005 0 P 0
L 1.7099995 1.6749995 4.2150005 1.6749995 0 P 0
L 1.7099995 2.6050005 4.2150005 2.6050005 0 P 0
L 1.796732 2.0363 1.796732 2.3237 1 P 0
L 1.796732 2.0363 2.013268 2.0363 1 P 0
L 1.796732 2.3237 2.013268 2.3237 1 P 0
L 1.885314 2.18 1.924684 2.18 2 P 0
L 1.905 2.160316 1.905 2.199686 2 P 0
L 1.946064 2.43185 1.946064 2.53815 1 P 0
L 1.946064 2.43185 2.753936 2.43185 1 P 0
L 1.946064 2.53815 2.753936 2.53815 1 P 0
L 2.013268 2.0363 2.013268 2.3237 1 P 0
L 2.156102 2.20126 2.156102 2.35874 1 P 0
L 2.156102 2.20126 2.293898 2.20126 1 P 0
L 2.156102 2.35874 2.293898 2.35874 1 P 0
L 2.198818 2.013504 2.198818 2.076496 1 P 0
L 2.198818 2.013504 2.301182 2.013504 1 P 0
L 2.198818 2.076496 2.301182 2.076496 1 P 0
L 2.198818 2.098504 2.198818 2.161496 1 P 0
L 2.198818 2.098504 2.301182 2.098504 1 P 0
L 2.198818 2.161496 2.301182 2.161496 1 P 0
L 2.205316 2.28 2.244686 2.28 2 P 0
L 2.225 2.260316 2.225 2.299686 2 P 0
L 2.230316 2.045 2.269686 2.045 2 P 0
L 2.230316 2.13 2.269686 2.13 2 P 0
L 2.25 2.025316 2.25 2.064686 2 P 0
L 2.25 2.110316 2.25 2.149686 2 P 0
L 2.293898 2.20126 2.293898 2.35874 1 P 0
L 2.301182 2.013504 2.301182 2.076496 1 P 0
L 2.301182 2.098504 2.301182 2.161496 1 P 0
L 2.330316 2.485 2.369686 2.485 2 P 0
L 2.35 2.465316 2.35 2.504686 2 P 0
L 2.376584 2.09877 2.376584 2.161762 4 P 0
L 2.376584 2.09877 2.502568 2.09877 4 P 0
L 2.376584 2.161762 2.502568 2.161762 4 P 0
L 2.427766 2.130266 2.451388 2.130266 3 P 0
L 2.439576 2.118454 2.439576 2.142076 3 P 0
L 2.502568 2.09877 2.502568 2.161762 4 P 0
L 2.555068 2.013504 2.555068 2.076496 1 P 0
L 2.555068 2.013504 2.657432 2.013504 1 P 0
L 2.555068 2.076496 2.657432 2.076496 1 P 0
L 2.558818 2.098504 2.558818 2.161496 1 P 0
L 2.558818 2.098504 2.661182 2.098504 1 P 0
L 2.558818 2.161496 2.661182 2.161496 1 P 0
L 2.586564 2.045 2.625936 2.045 2 P 0
L 2.590314 2.13 2.629686 2.13 2 P 0
L 2.60625 2.025316 2.60625 2.064686 2 P 0
L 2.61 2.110316 2.61 2.149686 2 P 0
L 2.657432 2.013504 2.657432 2.076496 1 P 0
L 2.661182 2.098504 2.661182 2.161496 1 P 0
L 2.731584 2.09877 2.731584 2.161762 4 P 0
L 2.731584 2.09877 2.857568 2.09877 4 P 0
L 2.731584 2.161762 2.857568 2.161762 4 P 0
L 2.753936 2.43185 2.753936 2.53815 1 P 0
L 2.782766 2.130266 2.806388 2.130266 3 P 0
L 2.790552 2.228268 2.790552 2.511732 1 P 0
L 2.790552 2.228268 3.109448 2.228268 1 P 0
L 2.790552 2.511732 3.109448 2.511732 1 P 0
L 2.794576 2.118454 2.794576 2.142076 3 P 0
L 2.857568 2.09877 2.857568 2.161762 4 P 0
L 2.9135371 2.0230871 2.9135371 2.1254511 1 P 0
L 2.9135371 2.0230871 2.9765291 2.0230871 1 P 0
L 2.9135371 2.1254511 2.9765291 2.1254511 1 P 0
L 2.9253471 2.0742691 2.9647171 2.0742691 2 P 0
L 2.930316 2.37 2.969686 2.37 2 P 0
L 2.9450331 2.0545851 2.9450331 2.0939551 2 P 0
L 2.95 2.350316 2.95 2.389686 2 P 0
L 2.9765291 2.0230871 2.9765291 2.1254511 1 P 0
L 2.9985371 2.0255871 2.9985371 2.1279511 1 P 0
L 2.9985371 2.0255871 3.0615291 2.0255871 1 P 0
L 2.9985371 2.1279511 3.0615291 2.1279511 1 P 0
L 3.0103471 2.0767691 3.0497171 2.0767691 2 P 0
L 3.0300331 2.0570851 3.0300331 2.0964551 2 P 0
L 3.0615291 2.0255871 3.0615291 2.1279511 1 P 0
L 3.086584 2.09877 3.086584 2.161762 4 P 0
L 3.086584 2.09877 3.212568 2.09877 4 P 0
L 3.086584 2.161762 3.212568 2.161762 4 P 0
L 3.109448 2.228268 3.109448 2.511732 1 P 0
L 3.137766 2.130266 3.161388 2.130266 3 P 0
L 3.149576 2.118454 3.149576 2.142076 3 P 0
L 3.168504 2.207008 3.168504 2.332992 4 P 0
L 3.168504 2.207008 3.231496 2.207008 4 P 0
L 3.168504 2.332992 3.231496 2.332992 4 P 0
L 3.18819 2.27 3.21181 2.27 3 P 0
L 3.2 2.25819 3.2 2.28181 3 P 0
L 3.212568 2.09877 3.212568 2.161762 4 P 0
L 3.231496 2.207008 3.231496 2.332992 4 P 0
L 3.254376 2.22132 3.254376 2.323682 1 P 0
L 3.254376 2.22132 3.317368 2.22132 1 P 0
L 3.254376 2.323682 3.317368 2.323682 1 P 0
L 3.2631 2.3395 3.2631 2.441862 1 P 0
L 3.2631 2.3395 3.326092 2.3395 1 P 0
L 3.2631 2.441862 3.326092 2.441862 1 P 0
L 3.266188 2.272502 3.305558 2.272502 2 P 0
L 3.267568 2.013504 3.267568 2.076496 1 P 0
L 3.267568 2.013504 3.369932 2.013504 1 P 0
L 3.267568 2.076496 3.369932 2.076496 1 P 0
L 3.274912 2.390682 3.314282 2.390682 2 P 0
L 3.277008 2.453504 3.277008 2.516496 4 P 0
L 3.277008 2.453504 3.402992 2.453504 4 P 0
L 3.277008 2.516496 3.402992 2.516496 4 P 0
L 3.285872 2.252816 3.285872 2.292186 2 P 0
L 3.294596 2.370996 3.294596 2.410366 2 P 0
L 3.299064 2.045 3.338436 2.045 2 P 0
L 3.308818 2.093504 3.308818 2.156496 1 P 0
L 3.308818 2.093504 3.411182 2.093504 1 P 0
L 3.308818 2.156496 3.411182 2.156496 1 P 0
L 3.317368 2.22132 3.317368 2.323682 1 P 0
L 3.31875 2.025316 3.31875 2.064686 2 P 0
L 3.326092 2.3395 3.326092 2.441862 1 P 0
L 3.32819 2.485 3.35181 2.485 3 P 0
L 3.339376 2.22132 3.339376 2.323682 1 P 0
L 3.339376 2.22132 3.402368 2.22132 1 P 0
L 3.339376 2.323682 3.402368 2.323682 1 P 0
L 3.34 2.47319 3.34 2.49681 3 P 0
L 3.340314 2.125 3.379686 2.125 2 P 0
L 3.351188 2.272502 3.390558 2.272502 2 P 0
L 3.3531 2.3395 3.3531 2.441862 1 P 0
L 3.3531 2.3395 3.416092 2.3395 1 P 0
L 3.3531 2.441862 3.416092 2.441862 1 P 0
L 3.36 2.105316 3.36 2.144686 2 P 0
L 3.364912 2.390682 3.404282 2.390682 2 P 0
L 3.369932 2.013504 3.369932 2.076496 1 P 0
L 3.370872 2.252816 3.370872 2.292186 2 P 0
L 3.384596 2.370996 3.384596 2.410366 2 P 0
L 3.402368 2.22132 3.402368 2.323682 1 P 0
L 3.402992 2.453504 3.402992 2.516496 4 P 0
L 3.411182 2.093504 3.411182 2.156496 1 P 0
L 3.416092 2.3395 3.416092 2.441862 1 P 0
L 3.441584 2.09877 3.441584 2.161762 4 P 0
L 3.441584 2.09877 3.567568 2.09877 4 P 0
L 3.441584 2.161762 3.567568 2.161762 4 P 0
L 3.492766 2.130266 3.516388 2.130266 3 P 0
L 3.504576 2.118454 3.504576 2.142076 3 P 0
L 3.567568 2.09877 3.567568 2.161762 4 P 0
L 3.618818 2.098504 3.618818 2.161496 1 P 0
L 3.618818 2.098504 3.721182 2.098504 1 P 0
L 3.618818 2.161496 3.721182 2.161496 1 P 0
L 3.623818 2.013504 3.623818 2.076496 1 P 0
L 3.623818 2.013504 3.726182 2.013504 1 P 0
L 3.623818 2.076496 3.726182 2.076496 1 P 0
L 3.650314 2.13 3.689686 2.13 2 P 0
L 3.655314 2.045 3.694686 2.045 2 P 0
L 3.67 2.110316 3.67 2.149686 2 P 0
L 3.675 2.025316 3.675 2.064686 2 P 0
L 3.721182 2.098504 3.721182 2.161496 1 P 0
L 3.726182 2.013504 3.726182 2.076496 1 P 0
L 3.768504 2.027008 3.768504 2.152992 4 P 0
L 3.768504 2.027008 3.831496 2.027008 4 P 0
L 3.768504 2.152992 3.831496 2.152992 4 P 0
L 3.78819 2.09 3.81181 2.09 3 P 0
L 3.8 2.07819 3.8 2.10181 3 P 0
L 3.831496 2.027008 3.831496 2.152992 4 P 0
L 4.2150005 1.6749995 4.2150005 2.6050005 0 P 0
